//TA 4000ft
QNHTL:LGAL:65,977,60,996,55,1013,50,1032,45,1051
TA_CIRCLE:4000:40.85:25.94:30
QNHTL:LGLM:65,977,60,996,55,1013,50,1032,45,1051
TA_CIRCLE:4000:39.91:25.07:30
QNHTL:LGML:65,977,60,996,55,1013,50,1032,45,1051
TA_CIRCLE:4000:36.69:24.47:15
QNHTL:LGSK:65,977,60,996,55,1013,50,1032,45,1051
TA_CIRCLE:4000:39.18:23.62:25

//TA 5000ft
QNHTL:LGKO:75,977,70,996,65,1013,60,1032,55,1051
TA_CIRCLE:5000:36.79:27.08:25
QNHTL:LGKR:75,977,70,996,65,1013,60,1032,55,1051
TA_CIRCLE:5000:39.50:19.44:45
QNHTL:LGSR:75,977,70,996,65,1013,60,1032,55,1051
TA_CIRCLE:5000:36.40:25.47:30

//TA 6000ft
QNHTL:LGHI:85,977,80,996,75,1013,70,1032,75,1051
TA_CIRCLE:6000:38.34:26.14:30
QNHTL:LGIR:85,977,80,996,75,1013,70,1032,75,1051
TA_CIRCLE:6000:35.3397220:25.1802780:40
QNHTL:LGKP:85,977,80,996,75,1013,70,1032,75,1051
TA_CIRCLE:6000:35.4211110:27.1458330:50
QNHTL:LGMK:85,977,80,996,75,1013,70,1032,75,1051
TA_CIRCLE:6000:37.43:25.34:25
QNHTL:LGMT:85,977,80,996,75,1013,70,1032,75,1051
TA_CIRCLE:6000:39.19:26.28:30
QNHTL:LGRP:85,977,80,996,75,1013,70,1032,75,1051
TA_CIRCLE:6000:36.4052780:28.0861110:30
QNHTL:LGST:85,977,80,996,75,1013,70,1032,75,1051
TA_CIRCLE:6000:35.2161110:26.1011110:40
QNHTL:LGTL:85,977,80,996,75,1013,70,1032,75,1051
//TA_CIRCLE:6000:35.19:25.32:50
QNHTL:LGTS:85,977,80,996,75,1013,70,1032,75,1051
TA_CIRCLE:6000:40.5197220:22.9709170:30

//TA 7000ft
QNHTL:LGKV:95,977,90,996,85,1013,80,1032,75,1051
TA_CIRCLE:7000:40.92:24.62:30
QNHTL:LGSM:95,977,90,996,85,1013,80,1032,75,1051
TA_CIRCLE:7000:37.69:26.91:25
QNHTL:LGSO:95,977,90,996,85,1013,80,1032,75,1051
//TA_CIRCLE:7000:37.42:24.94:30

//TA 8000ft
QNHTL:LGAD:105,977,100,996,95,1013,90,1032,85,1051
TA_CIRCLE:8000:37.82:21.01:80 //LGAD,LGKF,LGZA and LGRX
QNHTL:LGKF:105,977,100,996,95,1013,90,1032,85,1051
QNHTL:LGPZ:105,977,100,996,95,1013,90,1032,85,1051
TA_CIRCLE:8000:38.79:20.86:30
QNHTL:LGRX:105,977,100,996,95,1013,90,1032,85,1051
QNHTL:LGSY:105,977,100,996,95,1013,90,1032,85,1051
TA_CIRCLE:8000:39.00:24.46:30
QNHTL:LGZA:105,977,100,996,95,1013,90,1032,85,1051

//TA 9000ft
QNHTL:LGAV:115,977,110,996,105,1013,100,1032,95,1051
TA_CIRCLE:9000:37.54:24.28:35 //KEA
TA_CIRCLE:9000:37.71:23.17:40 //DDM
TA_CIRCLE:9000:38.28:24.24:30 //03 Extension Point
QNHTL:LGBL:115,977,110,996,105,1013,100,1032,95,1051
TA_CIRCLE:9000:39.21:22.79:25
QNHTL:LGEL:115,977,110,996,105,1013,100,1032,95,1051
QNHTL:LGIO:115,977,110,996,105,1013,100,1032,95,1051
TA_CIRCLE:9000:39.69:20.82:20
QNHTL:LGKA:115,977,110,996,105,1013,100,1032,95,1051
//TA_CIRCLE:9000:40.40:21.49:40 //LGKA and LGKZ
QNHTL:LGKC:115,977,110,996,105,1013,100,1032,95,1051
QNHTL:LGKL:115,977,110,996,105,1013,100,1032,95,1051
TA_CIRCLE:9000:36.61:22.49:70 //LGKL and LGKC
QNHTL:LGKZ:115,977,110,996,105,1013,100,1032,95,1051
QNHTL:LGTG:115,977,110,996,105,1013,100,1032,95,1051
TA_CIRCLE:9000:38.33:23.56:40 //Assisting LGAV TMA

//TA 11000ft
QNHTL:LGLR:135,977,130,996,125,1013,120,1032,115,1051
//TA_CIRCLE:11000:39.64:22.44:50
QNHTL:LGSA:135,977,130,996,125,1013,120,1032,115,1051
TA_CIRCLE:11000:35.52:24.16:40

//INITIAL ALTITUDES
INITIAL_CFL:6000
CFL_ADEP:LGMK:LGRP:LGSR

INITIAL_CFL:7000
CFL_ADEP:LGAV

INITIAL_CFL:8000
CFL_ADEP:LGKR:LGKO:LGSM:LGAL:LGAX:LGBL:LGHI:LGKV:LGLM:LGLR:LGMT:LGSD:LGSK:LGSY:LGTG:LGTS

INITIAL_CFL:10000
CFL_ADEP:LGIR

INITIAL_CFL:12000
CFL_ADEP:LGKF:LGKL:LGRX:LGSA:LGZA

//Nicosia
QNHTL:LCLK:110
QNHTL:LCPH:110
QNHTL:LCRA:110

INITIAL_CFL:20000
CFL_ADEP:LCLK
CFL_VIA:PHA:BONEK

INITIAL_CFL:11000
CFL_ADEP:LCLK
CFL_VIA:EMEDA:EMILI:KOBER:RUDER

INITIAL_CFL:12000
CFL_ADEP:LCPH
CFL_VIA:GENOS

INITIAL_CFL:12000
CFL_ADEP:LCPH
CFL_VIA:ESERI:NORDI:RIMEX